13 115 -1 2 -1 108 119 -1 -2
129 -1 250 -1 11 -1 11 250 333 -1 6 308 -1 -2
2 -1 1 19 -1 120 -1 18 -1 21 -1 82 -1 -2
19 -1 15 -1 21 22 -1 91 -1 -2
38 -1 41 -1 30 61 -1 61 104 268 -1 -2
36 -1 67 -1 31 72 -1 42 133 170 268 -1 35 -1 80 -1 -2
146 -1 280 -1 -2
36 123 -1 1 268 -1 18 61 -1 -2
22 26 33 148 170 268 -1 15 139 -1 85 -1 45 76 90 -1 45 -1 45 153 -1 45 -1 20 45 139 -1 134 -1 -2
296 -1 199 -1 77 -1 346 -1 18 199 244 -1 -2
45 81 -1 270 -1 357 -1 45 -1 45 -1 -2
96 -1 96 -1 260 -1 236 -1 -2
127 -1 195 -1 111 114 -1 30 65 107 -1 65 -1 -2
96 -1 129 161 -1 157 174 -1 60 164 -1 47 60 -1 -2
1 29 -1 92 -1 36 -1 36 -1 47 -1 67 -1 36 -1 176 -1 -2
45 252 -1 45 -1 140 -1 45 216 -1 74 152 -1 49 177 -1 45 81 -1 -2
120 -1 1 15 18 -1 21 43 -1 21 -1 -2
161 -1 17 -1 60 -1 -2
21 85 -1 1 15 -1 88 -1 45 -1 134 -1 45 73 90 -1 153 -1 85 -1 -2
142 -1 15 21 91 -1 21 -1 21 -1 -2
45 81 90 -1 127 -1 127 -1 61 -1 61 111 -1 61 -1 61 -1 61 -1 -2
32 -1 92 -1 36 -1 31 35 36 -1 123 -1 36 -1 -2
120 -1 260 -1 96 -1 -2
176 -1 106 -1 2 -1 108 -1 112 -1 -2
270 357 -1 174 -1 210 -1 191 -1 -2
2 4 -1 46 -1 199 -1 -2
192 -1 85 -1 90 -1 45 -1 45 139 227 -1 45 222 -1 102 213 -1 45 85 86 -1 45 -1 45 -1 45 49 -1 45 79 -1 45 -1 -2
1 18 268 -1 268 -1 61 126 -1 33 61 -1 61 62 -1 61 -1 61 -1 -2
127 -1 61 -1 61 -1 61 -1 61 -1 61 70 -1 20 61 -1 61 -1 61 309 -1 61 -1 1 61 70 -1 -2
61 -1 2 112 -1 110 -1 2 118 -1 2 4 -1 132 -1 2 106 -1 2 113 -1 2 274 -1 -2
120 -1 36 -1 36 -1 36 -1 31 176 -1 36 -1 36 -1 36 -1 20 36 -1 36 -1 36 -1 -2
2 7 -1 4 -1 2 -1 2 -1 108 110 -1 2 119 -1 2 7 -1 2 -1 2 183 -1 2 -1 2 -1 2 -1 -2
35 -1 1 111 -1 33 268 -1 38 -1 61 -1 -2
18 21 -1 21 -1 82 -1 19 21 -1 -2
268 -1 19 -1 33 -1 30 -1 61 -1 61 -1 61 -1 61 -1 61 -1 -2
21 26 -1 1 127 -1 2 -1 108 115 -1 108 -1 9 -1 33 34 268 -1 110 -1 2 112 -1 2 119 -1 119 -1 -2
27 -1 36 -1 36 122 -1 36 -1 36 -1 176 -1 35 -1 35 -1 31 47 -1 -2
124 266 -1 118 -1 115 -1 2 99 -1 108 115 -1 2 -1 4 31 -1 -2
45 -1 73 -1 43 -1 -2
2 106 108 -1 32 -1 96 -1 -2
120 -1 21 -1 21 120 -1 3 21 230 -1 288 -1 21 -1 -2
36 -1 32 -1 36 -1 36 -1 36 -1 -2
85 -1 76 -1 45 -1 153 -1 48 -1 45 -1 45 85 -1 -2
67 -1 45 -1 1 45 -1 15 -1 73 -1 45 -1 352 -1 49 -1 -2
295 -1 1 19 -1 14 -1 15 -1 21 32 91 -1 21 -1 21 -1 21 -1 21 301 303 -1 -2
2 -1 112 -1 144 -1 182 -1 2 -1 2 -1 2 -1 2 110 -1 2 47 108 -1 -2
18 280 -1 1 15 -1 21 -1 21 -1 21 26 -1 -2
98 -1 17 -1 -2
86 139 -1 49 -1 45 -1 45 -1 45 48 -1 45 -1 32 45 -1 -2
329 -1 73 -1 45 -1 78 -1 216 -1 45 -1 15 45 -1 -2
15 -1 45 -1 45 -1 99 -1 9 -1 45 75 -1 45 158 -1 45 -1 9 49 -1 45 -1 -2
45 78 -1 1 174 216 -1 60 -1 32 -1 164 -1 66 -1 60 -1 32 -1 60 -1 60 -1 -2
1 186 -1 60 -1 127 -1 19 60 -1 189 -1 -2
154 -1 47 -1 194 -1 68 -1 -2
33 -1 32 -1 61 -1 19 -1 30 61 268 -1 61 70 -1 61 -1 61 -1 -2
60 -1 11 -1 109 250 -1 181 -1 194 -1 138 337 -1 175 179 -1 75 -1 198 -1 33 268 -1 -2
19 60 -1 60 -1 -2
158 198 -1 -2
174 -1 1 29 -1 133 -1 36 -1 35 -1 -2
23 -1 15 16 -1 -2
35 -1 1 186 -1 60 154 -1 60 174 -1 60 -1 -2
31 75 -1 27 -1 36 -1 36 72 92 -1 36 -1 36 -1 -2
1 111 -1 34 -1 33 34 -1 28 -1 -2
36 176 -1 72 -1 36 -1 35 36 92 -1 123 -1 -2
61 -1 28 -1 125 -1 36 -1 176 -1 123 -1 -2
-2
1 19 -1 60 -1 -2
45 -1 45 -1 45 48 -1 -2
174 -1 146 -1 14 19 -1 280 -1 20 -1 -2
27 -1 68 -1 36 -1 36 -1 -2
16 21 -1 86 139 -1 73 86 -1 15 76 295 -1 45 67 -1 45 88 134 364 -1 43 45 -1 45 184 261 -1 -2
108 -1 118 -1 2 -1 4 -1 115 -1 113 -1 7 -1 106 -1 12 -1 2 274 -1 2 108 -1 2 -1 -2
45 81 -1 19 -1 162 -1 64 -1 32 60 -1 60 -1 161 -1 60 -1 -2
99 -1 108 -1 4 113 -1 47 -1 2 -1 -2
190 -1 358 -1 -2
182 -1 1 280 -1 -2
357 -1 2 -1 2 108 -1 108 -1 197 -1 113 -1 87 197 -1 197 -1 172 -1 197 362 -1 47 -1 -2
1 5 -1 11 -1 198 -1 150 198 -1 198 -1 20 -1 -2
197 -1 120 -1 26 -1 82 -1 -2
19 -1 36 -1 -2
26 -1 199 -1 -2
-2
120 -1 1 329 -1 260 -1 96 -1 96 -1 -2
1 32 67 96 211 252 -1 199 -1 199 -1 246 -1 44 202 246 -1 46 199 283 -1 77 199 -1 199 -1 -2
100 270 -1 192 -1 21 -1 192 -1 -2
206 242 282 -1 27 -1 270 -1 -2
174 -1 308 -1 3 -1 6 307 -1 11 250 -1 11 -1 223 -1 171 -1 11 168 -1 -2
260 -1 53 -1 96 -1 212 -1 32 96 -1 96 329 -1 96 -1 -2
1 15 -1 74 252 -1 45 -1 45 -1 45 -1 45 327 -1 45 -1 45 -1 -2
61 -1 61 -1 61 -1 61 -1 107 150 -1 -2
11 -1 298 -1 150 250 337 -1 337 -1 -2
99 -1 2 -1 106 -1 2 -1 -2
86 139 -1 90 102 -1 43 45 -1 45 79 -1 81 -1 -2
1 308 -1 5 -1 138 -1 3 -1 295 -1 -2
146 -1 1 25 -1 21 -1 21 -1 21 142 -1 -2
96 -1 96 -1 260 -1 -2
21 23 -1 139 -1 90 153 -1 43 45 -1 32 45 85 -1 -2
19 -1 61 -1 104 -1 -2
32 45 85 -1 21 -1 21 -1 23 -1 149 -1 232 -1 333 -1 16 142 -1 142 333 -1 23 333 -1 21 281 -1 142 180 -1 -2
270 -1 2 -1 260 -1 2 211 241 -1 2 54 -1 1 2 229 239 260 -1 9 229 234 241 322 -1 158 229 -1 158 229 -1 158 322 -1 -2
31 72 -1 31 92 123 -1 -2
2 56 229 -1 1 91 -1 25 -1 142 -1 -2
36 -1 96 -1 260 -1 229 234 239 241 -1 54 96 -1 229 236 -1 96 211 229 260 -1 -2
109 -1 18 181 250 -1 214 -1 150 -1 20 -1 -2
229 -1 129 -1 260 -1 19 54 -1 260 -1 96 -1 268 -1 200 -1 -2
45 -1 45 49 -1 32 256 -1 -2
199 -1 47 -1 244 -1 -2
45 258 304 -1 206 -1 199 -1 44 199 -1 50 272 282 -1 77 -1 -2
270 -1 45 -1 357 -1 157 186 -1 -2
202 242 244 283 -1 63 -1 337 -1 150 -1 20 -1 138 -1 68 -1 -2
186 -1 85 -1 90 -1 45 -1 45 -1 45 139 -1 45 -1 45 227 -1 -2
45 -1 45 -1 45 -1 73 -1 45 216 -1 45 177 -1 -2
1 31 123 -1 173 -1 36 -1 -2
45 -1 3 292 -1 21 -1 23 -1 -2
36 -1 2 127 -1 2 -1 2 119 -1 127 -1 2 -1 2 108 -1 118 -1 274 -1 9 266 -1 7 106 115 -1 -2
96 -1 329 -1 236 -1 76 -1 252 -1 200 -1 96 200 -1 19 96 -1 96 150 -1 96 -1 -2
7 -1 90 -1 45 304 -1 45 88 256 -1 139 -1 -2
74 -1 45 49 -1 45 -1 152 -1 45 77 -1 45 73 -1 -2
1 15 -1 45 -1 45 258 -1 -2
49 81 -1 153 303 -1 -2
115 -1 118 -1 2 -1 2 -1 2 -1 2 -1 67 -1 2 -1 110 -1 106 311 -1 -2
15 21 -1 70 -1 61 -1 61 -1 61 -1 28 30 61 -1 61 107 -1 59 61 -1 -2
96 -1 53 -1 239 -1 56 229 234 239 -1 241 -1 181 -1 54 211 -1 76 96 211 260 -1 236 241 270 -1 60 236 -1 -2
1 67 -1 32 123 -1 92 -1 36 -1 36 -1 181 -1 -2
87 229 322 -1 1 -1 45 49 -1 45 88 -1 45 -1 45 -1 45 -1 -2
19 21 -1 21 -1 82 120 -1 17 21 -1 21 26 -1 -2
258 -1 1 19 -1 260 -1 329 -1 54 96 -1 150 -1 3 96 329 -1 -2
92 -1 32 -1 72 -1 29 31 92 121 -1 27 36 -1 -2
96 -1 1 86 -1 45 -1 15 45 -1 45 102 222 -1 20 45 85 -1 45 81 -1 45 -1 45 222 -1 -2
60 -1 154 187 -1 150 -1 153 174 -1 60 64 -1 60 157 -1 299 -1 -2
244 -1 85 -1 199 263 -1 199 -1 199 -1 -2
174 -1 4 -1 2 -1 2 -1 99 -1 2 -1 110 -1 2 4 -1 -2
112 -1 99 -1 108 -1 2 -1 2 -1 2 -1 -2
2 -1 36 -1 31 35 -1 32 -1 36 -1 -2
139 -1 1 86 -1 45 -1 85 -1 45 139 -1 45 -1 45 -1 140 -1 -2
75 -1 150 -1 60 -1 174 -1 60 157 174 -1 60 -1 -2
45 -1 90 -1 1 48 -1 45 -1 49 -1 14 45 88 -1 45 86 -1 -2
49 -1 90 227 -1 73 -1 86 134 -1 45 -1 45 -1 -2
20 85 -1 129 -1 252 -1 19 96 260 -1 -2
36 -1 1 92 -1 -2
54 -1 112 -1 2 92 -1 110 -1 2 47 -1 2 124 -1 2 113 -1 2 318 -1 2 -1 2 -1 -2
92 -1 31 67 -1 36 -1 36 -1 35 36 92 -1 32 -1 36 -1 36 121 -1 75 -1 36 -1 -2
1 27 -1 92 -1 92 -1 36 -1 36 -1 36 -1 36 181 -1 -2
80 -1 32 -1 29 -1 36 -1 36 -1 67 -1 35 36 -1 -2
31 36 123 -1 1 29 -1 27 -1 -2
32 -1 -2
176 -1 146 -1 91 -1 -2
-2
33 -1 30 111 -1 -2
19 -1 329 -1 33 34 150 236 -1 294 -1 -2
120 -1 21 -1 17 -1 16 292 -1 -2
96 -1 36 -1 -2
21 84 -1 357 -1 209 -1 2 -1 2 -1 -2
211 -1 1 229 234 239 241 -1 229 260 -1 -2
209 -1 127 -1 2 -1 1 2 -1 106 -1 2 118 -1 2 -1 2 12 -1 106 115 -1 2 108 -1 2 66 -1 2 -1 9 108 -1 2 112 -1 68 113 -1 2 81 -1 2 81 -1 7 -1 7 -1 2 81 -1 -2
51 -1 199 272 -1 168 -1 297 -1 199 346 -1 199 -1 199 -1 199 243 -1 199 -1 199 -1 199 -1 199 -1 199 -1 199 -1 -2
85 -1 49 -1 45 -1 73 85 -1 15 -1 45 -1 45 90 -1 45 90 -1 45 76 -1 45 86 -1 45 -1 -2
199 261 -1 111 -1 61 -1 61 -1 150 -1 61 70 -1 104 -1 61 -1 61 -1 -2
85 -1 45 -1 -2
28 -1 21 -1 -2
49 -1 1 15 -1 22 -1 26 -1 21 -1 21 -1 -2
256 258 304 -1 49 -1 139 -1 45 81 -1 -2
21 23 -1 1 14 -1 21 -1 280 -1 17 -1 15 21 -1 -2
61 -1 61 -1 181 -1 62 -1 -2
21 23 26 -1 85 -1 45 -1 45 -1 88 139 -1 45 -1 49 85 -1 45 -1 45 153 -1 20 45 -1 43 45 134 -1 -2
48 -1 61 -1 43 -1 103 -1 61 62 -1 61 104 -1 30 61 -1 -2
45 67 -1 106 -1 2 113 -1 -2
1 283 -1 272 -1 206 -1 244 -1 -2
106 -1 108 115 -1 2 -1 2 -1 2 -1 2 -1 2 119 -1 2 112 -1 4 108 118 -1 110 -1 -2
99 -1 2 -1 2 118 -1 2 -1 2 -1 2 -1 115 274 -1 108 110 112 -1 2 7 106 -1 -2
112 -1 2 -1 362 -1 362 -1 2 -1 2 -1 2 -1 2 -1 2 -1 -2
92 -1 92 -1 9 -1 32 -1 36 -1 36 -1 32 -1 27 36 265 -1 -2
112 -1 2 -1 99 -1 108 274 -1 2 -1 99 -1 -2
176 -1 26 -1 21 -1 3 -1 21 -1 21 82 -1 21 -1 -2
2 -1 96 -1 96 -1 53 211 -1 96 -1 1 56 260 -1 271 -1 236 329 -1 96 329 -1 53 96 -1 56 234 -1 96 260 -1 -2
250 -1 11 109 -1 158 -1 155 356 -1 6 47 -1 1 11 171 -1 150 155 -1 138 -1 127 223 -1 20 -1 -2
38 -1 61 -1 30 61 -1 -2
11 75 273 -1 15 -1 22 -1 21 -1 21 -1 84 -1 15 21 -1 -2
106 -1 106 -1 2 -1 2 -1 2 -1 2 4 -1 -2
3 -1 32 86 -1 1 45 -1 45 -1 45 -1 45 -1 45 -1 9 49 -1 67 -1 -2
110 -1 106 -1 2 -1 2 -1 2 -1 2 112 -1 2 -1 110 -1 2 4 -1 -2
98 -1 260 -1 129 -1 96 -1 54 -1 96 -1 200 -1 47 -1 -2
2 -1 1 85 -1 90 -1 45 86 -1 227 295 -1 73 292 -1 15 -1 -2
2 -1 108 -1 110 -1 110 -1 119 -1 -2
1 44 -1 199 -1 44 -1 272 -1 199 -1 -2
36 -1 36 -1 95 -1 9 265 -1 -2
120 -1 21 -1 -2
31 35 36 176 -1 1 112 -1 2 115 -1 -2
1 27 -1 9 -1 31 92 -1 36 -1 36 -1 36 -1 -2
2 7 119 -1 332 -1 329 -1 76 234 260 -1 54 96 -1 207 260 -1 -2
176 -1 115 -1 118 -1 112 -1 2 274 -1 118 -1 2 106 -1 -2
298 -1 171 250 -1 11 47 -1 167 -1 -2
307 -1 1 333 -1 6 -1 308 -1 11 217 -1 -2
19 -1 161 -1 60 -1 -2
11 -1 120 -1 98 -1 306 -1 54 96 -1 32 -1 -2
92 -1 27 -1 92 -1 35 -1 -2
146 -1 91 -1 18 21 -1 21 301 -1 21 -1 21 -1 -2
31 36 176 -1 1 256 304 -1 49 -1 45 -1 45 -1 45 88 136 -1 -2
325 -1 60 -1 357 -1 60 -1 -2
19 -1 60 -1 174 -1 60 -1 -2
174 302 -1 -2
-2
13 115 -1 99 -1 2 -1 2 -1 2 -1 119 -1 108 -1 -2
21 -1 17 -1 301 -1 21 -1 20 22 -1 25 -1 -2
127 -1 2 112 127 -1 77 -1 1 -1 108 -1 -2
96 -1 329 -1 252 -1 54 96 -1 -2
1 15 -1 45 -1 45 -1 45 -1 45 300 -1 45 49 -1 49 -1 45 -1 45 -1 81 -1 45 256 304 -1 -2
2 -1 153 -1 2 -1 2 -1 2 112 115 -1 110 115 -1 2 110 -1 2 -1 2 9 -1 -2
1 28 -1 3 -1 19 -1 316 -1 120 150 -1 217 -1 150 -1 -2
2 4 119 -1 25 -1 142 146 148 -1 67 -1 -2
1 139 -1 45 -1 45 -1 45 85 -1 45 102 -1 -2
62 -1 -2
222 295 -1 108 112 -1 2 -1 2 -1 -2
311 -1 30 -1 61 -1 55 77 128 192 -1 -2
2 -1 29 -1 67 -1 32 36 -1 121 -1 31 36 92 133 -1 36 -1 36 123 -1 27 80 92 -1 -2
93 -1 296 -1 282 -1 202 296 346 -1 199 -1 199 -1 244 -1 -2
36 176 -1 1 15 -1 21 -1 21 173 -1 23 -1 -2
74 -1 45 -1 45 74 77 -1 216 -1 78 152 -1 45 -1 -2
11 127 -1 216 -1 109 -1 214 361 -1 194 -1 6 158 179 -1 150 -1 223 -1 20 -1 -2
77 -1 73 -1 15 45 152 -1 45 327 -1 49 -1 45 152 -1 45 -1 45 328 -1 75 -1 138 -1 -2
199 -1 199 -1 199 -1 199 -1 50 -1 199 -1 47 297 -1 147 -1 -2
45 -1 206 -1 244 -1 202 -1 44 -1 199 -1 199 204 272 -1 75 199 -1 199 246 -1 199 -1 -2
34 -1 61 -1 34 -1 -2
199 202 206 242 272 283 -1 106 -1 115 -1 2 -1 115 -1 -2
292 -1 22 -1 21 -1 -2
2 113 268 -1 337 -1 -2
1 21 26 -1 97 -1 54 -1 329 -1 207 -1 207 -1 -2
84 -1 21 -1 -2
36 -1 36 -1 27 -1 36 -1 -2
21 23 -1 25 -1 67 -1 22 26 -1 -2
15 -1 252 -1 152 -1 78 -1 45 74 -1 45 152 253 -1 45 -1 -2
21 23 -1 11 -1 6 -1 32 -1 11 -1 217 -1 6 -1 3 -1 -2
49 81 -1 85 86 -1 45 90 -1 45 -1 45 -1 1 -1 -2
2 -1 110 -1 -2
127 -1 108 -1 2 -1 2 124 -1 2 127 -1 9 -1 118 -1 -2
2 -1 1 32 -1 44 -1 199 -1 199 -1 199 -1 199 283 -1 202 206 246 -1 -2
292 -1 19 -1 21 23 -1 84 -1 -2
45 -1 45 -1 49 -1 45 73 -1 45 49 141 -1 45 -1 -2
112 -1 2 -1 2 -1 99 -1 115 124 170 -1 2 112 -1 2 108 118 -1 2 4 115 -1 2 119 -1 2 4 -1 110 -1 2 67 -1 2 -1 -2
30 -1 34 -1 126 -1 3 34 61 -1 111 -1 38 61 -1 61 -1 61 -1 268 -1 32 61 -1 61 -1 61 -1 -2
122 -1 -2
61 -1 -2
1 19 -1 91 -1 280 -1 21 -1 21 -1 15 21 26 -1 -2
119 -1 90 -1 88 -1 45 -1 134 -1 45 49 -1 45 -1 45 49 -1 -2
33 -1 61 -1 70 -1 107 -1 -2
45 -1 206 272 -1 199 204 -1 204 -1 205 246 272 282 -1 -2
146 -1 14 -1 280 -1 -2
202 283 -1 19 -1 30 111 268 -1 61 -1 -2
21 91 -1 33 -1 19 61 -1 61 -1 103 -1 -2
1 -1 45 76 -1 134 -1 -2
1 19 -1 174 -1 -2
45 49 81 -1 329 -1 -2
71 -1 120 -1 19 -1 18 -1 3 203 -1 120 -1 -2
45 -1 1 45 -1 45 48 -1 32 45 -1 45 153 -1 -2
21 22 -1 88 139 -1 222 -1 134 -1 90 321 -1 -2
87 -1 239 -1 76 211 241 -1 260 -1 211 229 239 -1 -2
49 -1 1 28 -1 120 -1 21 -1 280 303 -1 -2
22 -1 91 -1 -2
1 100 270 358 -1 -2
23 -1 358 -1 -2
139 -1 304 -1 45 -1 49 -1 256 -1 45 -1 45 304 -1 45 -1 15 -1 45 -1 45 258 -1 45 -1 -2
104 -1 1 18 -1 61 -1 3 70 -1 59 61 -1 61 203 -1 -2
3 -1 15 -1 21 -1 21 -1 23 120 -1 -2
320 -1 4 -1 2 115 -1 99 -1 2 -1 -2
82 -1 307 -1 1 129 -1 -2
2 362 -1 -2
1 11 -1 298 -1 171 -1 47 -1 337 -1 150 166 337 -1 -2
36 -1 72 -1 36 -1 36 -1 32 36 -1 36 176 -1 -2
1 27 -1 36 92 -1 153 181 -1 35 123 -1 -2
31 133 -1 88 -1 45 -1 32 45 -1 45 81 -1 -2
308 -1 1 129 -1 11 -1 250 -1 5 11 -1 351 -1 68 -1 -2
92 -1 27 -1 36 -1 36 -1 176 181 -1 -2
19 34 -1 61 -1 19 -1 42 70 -1 41 -1 61 -1 61 -1 -2
80 176 -1 18 -1 6 33 170 181 -1 1 47 -1 11 337 -1 63 171 -1 20 179 -1 11 175 -1 -2
61 103 -1 325 -1 341 -1 60 -1 60 -1 342 -1 339 -1 -2
27 -1 35 -1 36 -1 -2
307 -1 307 -1 11 -1 217 -1 167 -1 150 -1 11 218 -1 -2
123 176 -1 76 -1 49 -1 45 74 -1 152 -1 45 -1 45 73 78 152 216 -1 15 45 -1 138 177 -1 -2
33 -1 32 -1 32 -1 111 -1 62 -1 18 -1 61 -1 61 104 -1 61 -1 -2
49 81 -1 60 -1 60 -1 60 174 -1 194 -1 60 161 -1 33 170 268 -1 60 129 174 -1 60 129 -1 -2
1 15 -1 25 -1 20 -1 301 -1 -2
329 -1 87 96 -1 96 -1 -2
19 331 -1 1 199 -1 199 -1 202 272 -1 -2
60 -1 -2
-2
-2
15 19 20 142 -1 112 -1 2 -1 4 -1 99 -1 2 119 -1 2 -1 9 -1 2 106 -1 -2
1 108 -1 2 -1 106 -1 4 -1 2 -1 2 106 112 -1 2 9 -1 -2
82 120 -1 21 -1 -2
2 -1 30 -1 61 -1 -2
23 -1 96 -1 211 -1 56 135 234 329 -1 96 211 241 260 -1 53 96 236 -1 207 260 -1 56 96 135 -1 -2
260 -1 1 229 234 241 -1 56 229 234 260 -1 87 229 239 -1 87 -1 87 -1 54 96 158 -1 -2
112 287 362 -1 -2
53 229 239 241 -1 209 -1 -2
256 -1 88 339 -1 -2
6 -1 -2
120 -1 3 -1 356 -1 5 -1 19 -1 3 11 333 -1 -2
19 -1 303 -1 18 -1 21 -1 32 -1 25 -1 -2
85 -1 232 -1 45 -1 45 48 -1 -2
2 -1 43 108 -1 362 -1 87 -1 1 124 -1 2 10 362 -1 -2
49 -1 1 14 -1 21 -1 -2
-2
23 -1 90 -1 49 -1 90 134 -1 1 -1 -2
75 -1 29 -1 251 -1 36 -1 -2
1 129 -1 211 -1 -2
45 -1 -2
260 -1 325 -1 1 161 326 -1 335 -1 -2
187 -1 60 157 -1 150 -1 60 -1 60 164 -1 -2
268 -1 61 -1 61 -1 61 -1 61 -1 47 -1 42 -1 -2
86 -1 88 -1 45 49 -1 45 293 -1 20 -1 48 85 -1 -2
27 -1 36 -1 36 -1 36 -1 -2
45 49 295 -1 155 -1 11 -1 167 -1 32 -1 -2
31 80 -1 139 -1 304 -1 45 -1 84 -1 252 -1 81 139 -1 -2
1 45 -1 88 134 -1 45 153 -1 -2
115 -1 2 -1 12 -1 108 115 -1 127 -1 2 127 -1 110 119 -1 -2
20 45 90 -1 32 -1 44 199 -1 67 -1 44 199 -1 199 202 -1 199 202 206 272 -1 199 -1 204 -1 -2
2 106 -1 43 -1 9 -1 139 -1 15 -1 -2
1 272 -1 244 272 -1 -2
81 153 -1 120 -1 21 -1 21 -1 -2
31 32 -1 36 -1 -2
16 26 -1 325 -1 1 210 -1 174 302 -1 60 -1 -2
19 299 -1 164 -1 -2
1 108 112 -1 2 -1 2 -1 2 -1 2 -1 110 -1 12 -1 2 118 -1 2 4 -1 2 119 -1 183 -1 2 -1 2 112 255 -1 2 9 -1 -2
31 92 -1 36 -1 31 32 -1 72 -1 35 36 92 -1 32 -1 36 121 -1 36 -1 36 181 -1 35 -1 36 123 -1 36 -1 -2
34 -1 1 268 -1 61 -1 -2
176 -1 32 -1 45 213 -1 85 -1 -2
19 31 125 -1 36 -1 265 -1 36 -1 36 -1 -2
33 49 81 90 -1 32 -1 129 -1 60 174 -1 60 -1 60 -1 -2
1 27 -1 36 -1 -2
150 164 -1 204 -1 199 -1 199 -1 46 272 -1 199 -1 -2
85 -1 139 -1 86 -1 15 45 -1 -2
202 242 283 -1 14 -1 -2
15 -1 48 -1 85 -1 45 139 -1 90 134 325 -1 45 -1 45 -1 140 -1 45 -1 45 81 -1 81 -1 45 49 -1 45 81 -1 -2
23 -1 296 -1 20 -1 51 -1 199 -1 202 -1 195 -1 244 -1 251 -1 361 -1 -2
49 81 -1 292 -1 120 -1 -2
-2
1 17 23 -1 36 -1 -2
1 22 -1 21 146 -1 91 -1 -2
115 -1 1 2 112 -1 266 -1 127 -1 32 -1 2 9 -1 2 127 -1 2 33 124 266 268 -1 2 -1 7 -1 2 -1 2 -1 -2
26 -1 42 -1 61 170 -1 61 -1 61 -1 18 61 -1 41 -1 104 -1 61 -1 126 128 268 -1 41 102 -1 -2
124 -1 85 -1 88 -1 139 -1 45 49 85 -1 45 -1 1 227 -1 -2
109 337 -1 47 -1 -2
81 -1 11 127 -1 165 -1 20 -1 11 337 -1 175 -1 166 181 -1 5 199 270 -1 150 -1 198 -1 67 -1 47 198 -1 63 -1 6 -1 -2
214 -1 155 -1 47 -1 11 -1 194 -1 1 8 63 -1 171 -1 11 -1 166 223 251 -1 127 138 -1 11 -1 -2
139 -1 127 -1 45 -1 45 -1 45 -1 32 45 81 304 -1 -2
18 -1 90 -1 45 227 -1 67 -1 20 45 -1 45 48 81 -1 49 -1 -2
45 -1 214 -1 5 171 -1 5 155 -1 11 150 -1 33 -1 11 -1 138 -1 68 -1 11 165 -1 -2
128 -1 34 -1 61 -1 62 -1 61 -1 33 126 129 -1 103 104 -1 61 -1 268 -1 -2
20 -1 88 -1 49 -1 -2
1 96 211 -1 211 329 -1 56 -1 96 -1 -2
45 88 -1 112 -1 2 -1 274 -1 2 -1 2 108 -1 2 -1 113 -1 2 -1 2 115 -1 -2
36 -1 72 -1 31 36 47 -1 36 -1 123 -1 36 -1 -2
7 119 -1 19 32 60 63 299 -1 187 -1 -2
1 129 203 333 -1 5 11 19 -1 -2
115 -1 2 -1 2 -1 2 -1 2 -1 -2
16 -1 21 -1 3 23 -1 19 84 -1 -2
2 -1 127 -1 274 -1 112 -1 2 106 -1 2 118 -1 9 -1 108 124 -1 115 118 -1 2 12 -1 -2
36 -1 92 -1 36 -1 36 -1 68 -1 -2
1 90 139 -1 45 86 -1 49 -1 -2
80 -1 97 -1 103 -1 19 126 270 -1 -2
81 295 -1 1 19 -1 -2
-2
127 -1 -2
31 80 176 268 -1 -2
76 -1 96 -1 87 -1 211 229 239 260 -1 34 229 260 -1 87 229 236 239 -1 158 211 -1 53 56 96 -1 229 234 322 -1 -2
32 47 67 96 -1 1 61 -1 61 -1 107 -1 70 -1 61 -1 61 247 -1 61 -1 -2
229 234 241 -1 15 -1 14 148 153 -1 23 28 -1 40 -1 142 -1 21 -1 -2
1 73 -1 73 153 -1 45 49 304 -1 -2
90 -1 192 -1 45 -1 45 86 -1 45 -1 45 48 -1 49 -1 -2
25 -1 21 -1 22 -1 21 84 -1 -2
1 85 90 -1 45 90 -1 45 -1 45 81 170 268 -1 -2
24 26 82 -1 38 126 -1 -2
112 266 -1 362 -1 2 -1 68 -1 4 108 -1 2 -1 2 266 -1 2 293 -1 -2
19 30 -1 155 -1 214 -1 165 -1 68 -1 158 337 -1 171 -1 -2
19 -1 -2
11 105 -1 -2
9 150 211 -1 127 -1 2 -1 183 -1 274 -1 2 -1 -2
1 250 -1 166 -1 11 -1 -2
1 15 -1 25 -1 16 -1 33 34 40 -1 -2
32 -1 61 203 -1 -2
1 252 -1 260 -1 53 -1 54 -1 200 211 260 -1 150 332 -1 19 200 -1 19 -1 56 207 -1 56 207 -1 32 -1 53 150 -1 -2
337 -1 127 -1 8 -1 47 -1 68 -1 67 250 -1 158 -1 175 -1 194 -1 169 -1 -2
54 -1 100 -1 61 -1 52 -1 -2
1 52 100 -1 61 -1 -2
27 -1 9 -1 36 -1 36 -1 32 -1 35 92 -1 36 -1 32 36 -1 36 72 -1 -2
52 191 -1 296 -1 44 -1 44 272 -1 47 -1 296 -1 272 -1 77 -1 -2
36 80 -1 139 -1 43 90 -1 45 85 -1 86 -1 49 -1 -2
27 -1 122 -1 36 -1 36 123 -1 -2
203 -1 126 -1 120 -1 61 -1 61 320 -1 61 -1 84 -1 3 18 61 -1 -2
115 -1 2 -1 2 -1 2 112 266 -1 2 110 -1 4 -1 2 119 -1 -2
24 61 -1 109 -1 175 -1 -2
247 -1 2 -1 112 -1 -2
127 -1 53 127 -1 98 -1 3 129 -1 96 -1 1 47 -1 -2
69 -1 150 174 -1 60 -1 -2
96 -1 1 27 -1 36 -1 36 -1 36 -1 36 -1 -2
61 -1 111 -1 61 -1 61 -1 -2
36 -1 112 -1 32 -1 2 -1 362 -1 2 196 -1 -2
174 -1 162 -1 163 -1 -2
2 47 -1 1 33 268 -1 38 -1 -2
25 -1 -2
15 -1 45 216 -1 45 -1 152 -1 252 -1 45 -1 45 74 -1 78 -1 -2
15 -1 1 118 -1 363 -1 118 -1 60 161 -1 174 188 -1 -2
49 81 -1 129 -1 120 -1 260 -1 3 211 -1 96 98 -1 96 -1 96 -1 -2
329 -1 47 -1 200 -1 150 -1 260 -1 96 329 -1 -2
21 -1 21 -1 21 -1 22 292 -1 15 21 -1 -2
96 -1 2 -1 2 108 -1 2 -1 -2
16 21 -1 85 -1 139 -1 85 -1 45 49 134 -1 49 -1 -2
32 -1 146 -1 21 -1 120 -1 -2
146 -1 91 -1 32 -1 21 -1 18 21 23 -1 21 -1 -2
148 280 -1 88 217 -1 45 -1 67 -1 45 -1 45 90 -1 49 -1 49 -1 -2
108 112 -1 108 -1 2 -1 2 -1 118 -1 2 -1 -2
2 -1 362 -1 1 285 -1 2 87 -1 197 -1 108 197 -1 -2
12 183 -1 203 -1 1 203 -1 126 -1 30 42 268 -1 19 -1 20 250 -1 30 111 -1 -2
11 -1 5 6 18 170 171 268 -1 11 20 250 -1 68 109 -1 194 198 -1 198 -1 -2
