1 3 4 5 6 7 8 11 12 13 15 16 19 20
1 2 3 4 5 9 10 11 12 13 14 16 17 18
21 24 26 27 29 31 34 37 39 40 42
2 9 17 22 23 25 28 30 32 33 35 36 38 41 43
17 44 46 48 52 53 55 56 59 62 63 65
2 45 47 49 50 51 54 57 58 60 61 64 66
2 23 34 36 38 67 68 69 70 72 73 74 75 78 81 82 84 85 87
9 23 30 32 33 71 76 77 79 80 83 86
9 17 25 88 90 91 93 94 96 98 100 101 102 104 106 107 109
2 41 46 58 63 65 85 89 90 92 95 97 99 103 105 108 110 111
1 4 5 6 8 9 10 13 15 17 93 113 116 118 120 123 125
2 9 17 34 85 112 114 115 117 119 121 122 124
2 9 79 128 131 132 133 134
41 44 52 63 90 126 127 129 130 135 136
2 4 5 6 9 10 12 13 16 18 113 137
46 58 63 79 126 132 136 138 139 140 141
9 34 95 112 115 117 122 130 142 143 144 146 147 148 149 150
2 17 22 23 25 28 30 32 33 76 86 126 128 145
2 9 34 114 115 121 122 124 130 144 146
9 34 49 51 61 131 151 152 153 154 155 156
2 9 25 79 88 90 91 93 94 96 98 101 104 107 109 157 159 160 162
9 34 49 51 61 79 126 131 133 152 153 154 158 161
2 21 23 24 26 27 31 34 36 37 38 40 42 68 84 110 151 163 165 166 168 169 170
9 22 23 25 28 30 32 33 38 71 76 83 86 90 164 167
5 11 15 16 19 81 93 95 172 173 174 179 180 183 185 187 188 192 195
2 17 119 128 171 173 175 176 177 178 181 182 184 186 189 190 191 193 194
2 3 21 24 26 27 31 34 37 39 40 42 110 151 163 165 166 168 169 170 198 199 200 204 206 208
17 110 111 128 171 173 176 177 178 181 182 183 184 189 190 193 196 197 201 202 203 205 207
2 171 173 175 176 178 189 190 210 211 212 214
95 173 175 176 178 190 209 210 211 212 213
5 11 15 16 81 93 172 173 174 180 185 187 188 195 215 216
9 54 61 85 126 132 152 154 156
1 2 3 4 5 9 10 13 15 93 113 116 118
25 46 52 63 79 126 129 132 138 140 217
21 24 37 68 128 165 201 218 220 221 224 225
2 9 25 44 46 50 63 79 126 132 139 140 219 222 223
1 2 3 4 5 6 8 9 10 15 16 41 113 226
95 112 115 117 124 130 142 144 146 147 148 150 184
2 94 102 157 227
21 24 26 163
50 57 58 79 93 94 99 101 102 109 162 228
2 29 40 46 48 65 85 126 128 183


5 15 85 93 95 185 195 229
2 25 79 90 93 94 99 109 162 228
46 52 59 62 65 85 102 126 151 223 231
2 58 79 90 93 94 99 101 109 157 162 230
24 27 29 34 37 89 128 163 166 198 232 233 236 237
2 17 41 46 55 56 65 85 90 95 128 138 217 234 235 238
5 15 81 180 195
2 140 239 240 241 242 243
2 67 68 75 78 81 82 85 244
25 44 46 52 126 136 139 140 217 245
2 50 57 88 90 93 94 99 101 102 109 162
95 128 171 176 182 183 189 190 193 246
2 46 48 55 65 72 85 92 103 128 223 234 235 238
21 24 27 29 31 34 40 163 166 170 198 247
2 16 33 80 116 164 239 240 242 243 248 251
5 9 11 16 34 93 116 136 249 250 252 253 254
21 24 27 42 68 128 165 166 170 198 200 205 220 221 233 255 257 258
2 9 85 95 171 173 175 176 181 183 184 190 193 194 203 207 209 210 211 213 233 256 259
2 34 115 130 260
49 50 54 58 61 156 261 262
2 9 34 41 114 117 122 124 130 142 144 149 230
17 25 41 79 88 93 94 101 160 162
17 46 48 55 56 72 85 92 103 126 128 184 223 234 235 238 265 266
2 9 17 41 44 46 52 55 56 65 85 95 103 126 128 136 184 223 234 263 264 265 266
2 9 24 37 68 128 151 165 198 201 220 221 224 233 255 257
17 21 24 37 68 128 151 165 166 168 170 258 267
2 21 24 26 27 39 68 163 165 166 168 169 200
49 50 51 54 57 58 60 61 66 156 268
9 61 128 132 134 156 270 271
2 25 30 33 35 50 58 71 76 77 158 262 269
17 41 79 88 90 91 93 94 96 98 101 104 107 109 159 160 273
2 21 24 26 27 31 40 42 163 166 170 198 267 272 274
2 5 6 13 16 34 93 102 116 250 252 275 276 277
50 57 88 93 94 102 106 109 159 228 262 278
9 114 122 128 130 144 148
2 4 5 8 9 10 13 113 279
2 52 67 68 70 73 74 75 78 85 244 280 281 282 283
41 46 48 56 65 90 103 126 128 223 234 235 238
2 24 34 67 68 70 74 75 78 81 82 85 87 127 184 280 282
88 94 99 162 284 285 286 287 288 289 290 291
2 25 93 94 98 101 106 109
1 3 4 9 12 117 130 142 148 292
2 9 34 95 112 124 130 144
44 46 58 63 65 85 90 95 103 184 223 293 294
2 5 6 11 13 15 34 93 102 116 134 250 252 275 276 295
25 50 79 90 93 94 99 101 109
2 34 112 114 117 124 142 143 144 146 148
3 4 10 14 17 18 20 67 120 244 269 296 297 298
2 9 102 115 122 124 130 144 146 148
18 50 58 88 93 94 109 157 180
21 24 26 31 36 40 165 166 168 169 170
2 9 25 30 33 71 76 83 84 86 299
1 2 3 4 5 6 9 10 13 16 17 20 93 116
1 4 5 6 8 11 12 16 17 113 137 279 300 301
2 79 228
21 24 26 27
2 21 24 26 27 31 37 40 42 132 151 163 165 166 168 170 205 292
5 6 11 13 15 16 17 48 187 208 229 250 252 275 276 302 303 304 305 306
67 68 72 82 127 130 184 244 282
2 9 46 58 65 79 126 132 136 140 223 307
17 51 61 102 131 133 156 270 308 309
2 25 50 79 88 93 94 99 101 159 228 230
2 9 61 126 128 131 132 153 156 205 271 311 312
17 25 46 52 58 126 132 139 158 217 222 307 310
5 13 16 34 93 116 250 275 313
2 46 79 126 132 138 140 217
2 25 41 93 94 101 109 230
9 114 124 130 144 148 314
21 24 26 31 34 37 68 165 166 198
2 79 88 90 91 98 101 106 107 109 119 162 273
2 21 23 24 26 27 31 36 37 38 40 151 163 165 166 200 316
9 17 22 25 28 30 76 83 128 315
2 25 57 79 88 94 109 227 228
4 18 60 61 66 156 317 318
2 20 24 34 67 68 69 72 73 74 75 82 85 87 127 244 280
3 4 5 10 11 12 17 216 292 302 319
2 33 35 71 239 240 241 299 320 321
9 41 50 67 90 269 282 296
2 5 11 15 93 95 173 180 185 188 215 229 322
5 6 11 16 93 229 250 252 323
2 67 79 81 126 132 324 325
9 25 33 76 86 128 145 151
5 11 13 16 17 23 32 34 36 38 250 275 276 295 313
2 9 22 23 25 28 35 77 83 90
24 39 42 160 163 166 170 198 326
2 9 17 88 90 91 93 107 109 327
46 48 55 56 65 103 126 234 238 328
2 5 6 9 11 13 41 249 252 329 330
2 44 46 52 55 59 65 85 89 90 103 151 223 281
25 44 46 52 58 72 79 132 140 217 310 331
2 9 17 112 114 122 124 128 130 142 143 149 150
5 11 15 16 93 95 180 185 187 188 195 216 218
1 2 6 9 13 17 19 113 116 252 332
21 24 26 27 39 166 198 200 267
2 9 25 41 88 91 93 94 107 109 116 284 287 322 333
5 9 13 90 93 249 252 276
2 44 46 55 59 63 65 85 281 335
50 54 60 66 127 130 261 268 318 334 336
1 2 3 5 9 10 12 16 18 118 160
9 88 93 98 107 109 162 228
2 21 24 26 27 31 34 37 40 163 165 169 170 200 232
9 41 67 70 74 75 81 82 87 92 128 244 269 282 325 337 338 339
9 17 61 128 134 156 199
2 67 70 74 82 132 244 282 324 325 337 339
9 23 32 36 38 95 112 121 122 130 147 148 184
2 25 28 33 36 76 83 315
2 34 67 68 69 70 74 75 82 85 87 192 244 281 282 283 340
5 9 13 16 17 68 93 116 119 173 252 322
2 4 17 18 23 32 36 38 67 70 137 282 298 325 341 343
25 28 32 33 41 79 83 84 90 128 315 342
9 17 61 79 131 132 153 156 199 205 271
2 9 17 34 95 112 115 122 124 130 142 144 146 148 150
2 17 67 70 79 81 82 126 172 205 282 296 324 325
5 11 13 15 16 50 73 81 93 172 188 195 229 275 344
1 2 4 5 6 10 15 16 19 41 81 113 116 256
17 25 44 46 58 63 65 128 136 140 141 217 307 345
2 50 57 79 88 94 101 109 227 228
9 22 25 33 76 83 84 86
2 17 23 32 34 38 84 95 112 114 115 117 122 124 130 142 143 144 146 147 150
9 17 23 25 28 30 32 33 36 38 43 71 76 79 83 128 158
1 2 3 4 5 6 8 9 13 15 16 93 116 118 208 216 252 292 346
21 24 26 27 31 39 40 42 68 166 198 347 348
34 67 68 69 70 73 74 75 78 81 82 85 87 244 280 281 282
2 9 17 50 95 112 114 115 122 124 130 142 144 146 147 148 349 350
24 29 166
50 88 93 160 228
2 9 17 41 79 88 90 91 93 94 96 98 101 107 157 160 162 287 351
128 171 173 176 182 183 184 190 191 193 203 256
25 50 57 58 79 94 101 102 109 157 227
2 9 34 115 122 124 130 142 144 147 148
2 34 112 114 117 124 128 130 142 144 148 149 230
25 50 57 58 79 88 93 94 109 157 228
34 67 70 74 75 82 85 244 281 282 283 304
2 5 9 13 16 41 93 250 252 275 313
2 66 96 241 320 321 352
25 58 88 93 94 227
9 17 34 95 112 114 117 121 122 124 130 142 143 144 146 147 148 150 184 260
17 31 40 44 46 48 56 58 63 65 72 85 90 95 103 151 223 293
2 67 69 70 73 75 78 82 85 244 280 281 282
17 62 119 189 193 211 350 353 354 355 356
17 46 48 52 56 62 63 72 95 103 105 128 151 184 223 271 281 311
2 17 95 128 171 173 176 177 178 181 182 183 184 189 190 193 205 207
1 2 3 4 5 8 9 13 15 16 17 113 292
9 22 23 25 30 33 35 36 76 86
2 21 24 26 27 31 34 40 163 165 166 168 169 170 319
114 115 117 122 124 130 142 144 146 148 194 314
2 3 5 10 11 13 15 81 93 116 252
114 122 130 144 147 148
2 21 24 29 31 34 39 42 163 166 232
128 171 173 175 176 177 189 193 197 205 357
2 9 17 51 61 128 153 308
24 26 27 29 31 34 40 42 163 198
2 67 68 69 70 73 74 78 81 82 116 280 282 358
5 6 9 11 13 16 93 250 252 253
24 42 68 128 151 165 198 200 201 220 221 224 233 255 257
2 28 30 33 43 76 151 241 243 315 359
2 44 46 65 89 90 223 311
28 33 126 164 360
5 15 16 19 81 93 172 174 179 180 188 215
41 46 58 63 90 108 126 132 136 138 139 140 205 310
2 28 35 46 73 80 127 240 241 242 243 248 299 320 321
46 48 52 55 56 62 85 90 128 138 151 238 265
2 24 27 37 42 68 128 151 165 199 200 201 220 221 233 255
112 119 121 122 130 150 183 361 362 363 364 365 366
67 70 73 78 282
1 2 4 8 10 11 12 13 16 113
2 46 56 59 63 65 105 128 151 205 223 322
5 6 13 16 41 93 119 250 252 273 276 367 368
2 67 68 69 70 73 78 81 82 85 244 280 281 282
67 70 74 82 87 244 269 282 339 369 370 371 372 373 374 375 376 377 378
1 5 6 10 13 113 118 222 247
2 49 50 60 61 66 156 261 268 318 334
2 34 67 68 74 78 82 85 280 282
9 41 99 117 130 142 146 148 151 379
2 24 26 29 34 40 163 166 198 232 233
9 17 171 176 177 181 183 189 190
1 4 5 6 9 11 13 16 19 81 118 231
2 9 17 25 50 115 122 130 142 148 301 314 349
2 9 114 115 117 124 128 130 144 147 148 184 380
9 17 128 173 175 176 178 181 193 207 209 210 213 256
2 5 15 81 180 185 187 215
25 50 57 58 79 90 94 157 262
21 24 26 27 31 34 37 40 42 163 166 170 205 233
2 17 21 24 27 42 95 110 128 151 166 201 204 220 233 255 257 267 274 381
2 3 8 9 11 13 16 17 19 116 208
5 6 11 13 15 16 41 216 250 275 276 313 382
1 3 4 5 6 9 13 16 17 19 20 81 93 113 116 118 125 208 252 383 384
2 110 128 171 173 175 176 177 181 183 184 189 190 197 203 206 207
2 44 46 48 52 55 62 89 90 103 126 223 264 271
9 34 58 67 79 81 126 132 184 282 325
2 9 17 34 95 112 114 115 117 122 124 128 130 142 143 144 146 147 148 149 150 184
85 95 128 175 176 177 181 182 184 189 190 193 197 201 202 203 205 259 385
2 9 61 79 116 126 128 131 132 133 134 153 311
1 5 6 9 11 15 16 41 93 116 216 250 275 276 358
2 21 24 27 29 34
21 24 27 151 166 255 381
5 16 93 102 172 174 183 185 187 195
2 50 57 58 79 88 90 93 94 99 157 162 228 384
2 21 23 24 27 31 32 38 42 128 163 166 198 233
9 17 22 23 33 35 36 76 79 83 128
2 67 68 69 70 73 74 75 78 82 85 87 244 280
9 49 50 60 61 62 79 153 156 270 386
46 48 59 62 63 65 72 89 90 95 105 126 151 205 223 231 271 281 311
2 44 46 48 52 63 65 79 90 92 95 103 126 136 139 151 196 265 266
2 5 11 16 81 93 95 173 174 179 180 185 187 188 195
17 41 79 88 90 91 94 109 162 287 387
1 2 6 9 388
50 51 58 94 127
2 5 11 15 16 19 81 85 93 95 172 173 174 180 183 185 187 188 192 195 216
17 128 171 173 176 177 182 183 184 189 190 193 201 202 203 246
9 17 61 79 126 128 131 132 133 153 156 199 270 271 312
2 9 17 41 58 67 82 85 87 110 119 128 132 151 205 244 296 325 338 339 389 390
21 23 24 27 29 31 32 34 38 198 232 326
2 22 30 36 38 71 77 79 83 391
1 3 4 5 6 8 9 11 13 16 17 19 20 41 80 81 113 116 118 125 165 234 392
2 9 21 24 26 27 31 34 37 40 42 68 72 128 165 166 200 247 272 311
2 5 15 16 19 81 85 93 95 172 173 174 180 183 185 187 188 195 216 229
17 34 95 112 114 115 122 124 130 142 144 146 147 150 184
2 17 23 24 26 31 37 40
9 17 22 23 28 32 35 71 79 83
2 25 50 79 88 93 94 99 101 102 109 157 227 228
17 31 40 176 190 197 201 202 393
2 21 24 27 29 31 34 40 42 102 116 163 170 232 236 253
5 6 9 11 13 15 16 34 93 216 229 249 250 252 275 392 394 395 396
9 17 41 95 112 115 122 124 130 144 147 148 150 260
2 9 21 24 27 68 115 128 146 151 165 198 200 220 232 233 257 381 397
67 68 75 78 82 85 149 244 282 283 314
2 9 17 41 112 122 124 130 142 148 314 398
2 21 24 26 27 34 42 163 166 170 198 232
46 48 55 56 90 103 126 223 234 235 238
41 44 46 52 103 105 128 264 281 397
2 9 25 79 88 90 91 93 94 101 107 162 367 399
2 34 114 117 122 124 130 144 147 148
9 95 115 124 130 144 148 314 362
67 68 69 70 73 87 244 280
2 9 61 79 126 133 151 152
9 17 34 114 115 122 130 142 144 146 147 149 380
2 17 22 23 25 30 32 33 36 38 41 86 164 299 391
21 24 26 27 31 34 40 42 110 151 163 166 169 198
2 34 67 70 74 75 81 82 87 244 282 325 337 338 339 400 401
2 9 112
34 114 115 122 130 148
21 24 26 31 37 40 151 165 169 200
2 25 44 46 50 52 63 65 108 126 129 132 136 138 140 217 310
1 2 4 5 8 10 12 16 113
25 58 63 126 132 139
2 9 25 41 79 88 94 96 98 107 109 157 160
17 28 43 76 128 145 151 201
2 67 68 75 87 281 282
22 28 33 35 36 71 158
50 57 58 79 88 90 94 101 102 157 228
2 21 24 26 27 29 34 40 42 166 267 272
2 67 68 69 70 73 74 75 81 82 85 244 280 281 282
9 17 41 79 91 94 101 104 106 107 109 157 162 287
9 34 95 112 114 116 117 124 128 130 144 148 184
2 3 4 6 9 12 16 19 93 113 119 258 387
41 44 46 65 140 281
2 9 95 112 114 117 142 146
9 67 70 75 79 81 82 128 132 184 205 282 296 324 325 389
2 9 25 28 30 33 34 41 76 85 95 126 145 167 299 402 403 404
33 85 86 116 233 243
5 6 9 13 18 93 95 216 252
2 17 28 33 85 86 167 180 233 241 315 322 342 406
5 6 11 15 16 17 34 93 128 146 249 250 252 275 305 313 329 405
2 9 95 112 114 115 124 130 142 144 149
9 34 112 117 122 124 130 142 144 147 148
2 17 21 24 27 31 34 39 40 168
25 28 30 33 126 145 164 360
2 9 67 79 82 324 325
171 175 176 190 193 209 210 213 376
2 17 61 79 126 128 131 132 133 153 156 270 271 308 407
9 25 41 46 63 65 79 126 132 136 138 139 140 141 217 263
2 21 24 27 42 68 128 165 166 198 200 201 220 221 224 232 233 255 257 258
17 95 110 128 171 173 176 177 181 183 189 190 193 197 203 205 346 408 409
5 16 93 172 174 185 229 323
2 61 72 126 132 133 270
34 67 68 69 73 74 75 78 81 82 85 87 244 281 282
2 17 21 24 37 42 68 151 170 205 220 233 255 410 411 412
2 3 5 6 11 14 15 113 116 252 413
50 114 115 122 130 146 349
2 17 30 33 85 86 128 173 180 241 243 315 342 352
30 33 85 145 167 173 180 233 315 342 352 359
2 9 25 79 88 90 91 93 94 96 98 101 104 107 109 157 159 160 287 414
21 24 27 31 37 42 109 110 163 170 194 198 201 206 224 335 381 390 410
3 21 24 26 27 34 40 42 151 163 165 198 232
2 3 10 50 58 61 133 270 309 317 318 336 415
21 24 26 27 29 31 34 37 40 42 103 163 166 170 198 232 233 236 263
2 17 25 46 52 58 63 79 90 108 126 132 136 138 139 140 217 307 310
2 9 34 41 114 115 121 122 124 130 142 144 146 148 149 184
17 25 46 52 79 108 126 136 138 139 140 217 307 310
2 23 38 61 84 128 131 132 133 156 270
9 17 23 30 32 33 79 83 145 299
17 21 24 29 31 34 37 39 42 128 163 166 170 198 232 233 326
2 17 128 176 177 181 182 183 184 186 189 190 193 197 201 207 378 393
1 2 3 5 11 13 16 19 41 113 116 123 252
25 44 46 52 58 90 108 126 132 135 136 138 140 217 223 310
2 21 24 26 29 31 34 37 39 42 116 163 166 198 205 232
5 6 9 11 13 16 17 19 34 93 119 216 275 416
2 24 27 29 34 36 39 42 326
22 25 28 33 38 41 83 84
