1 -1 #SUP: 109
2 -1 #SUP: 71
2 -1 108 -1 #SUP: 24
2 -1 2 -1 #SUP: 45
2 -1 2 -1 2 -1 #SUP: 32
2 -1 2 -1 2 -1 2 -1 #SUP: 26
11 -1 #SUP: 25
15 -1 #SUP: 39
19 -1 #SUP: 44
20 -1 #SUP: 24
21 -1 #SUP: 53
21 -1 21 -1 #SUP: 22
31 -1 #SUP: 23
32 -1 #SUP: 47
33 -1 #SUP: 21
36 -1 #SUP: 51
36 -1 36 -1 #SUP: 28
36 -1 36 -1 36 -1 #SUP: 22
45 -1 #SUP: 81
45 -1 45 -1 #SUP: 53
45 -1 45 -1 45 -1 #SUP: 42
45 -1 45 -1 45 -1 45 -1 #SUP: 29
47 -1 #SUP: 26
49 -1 #SUP: 44
49 -1 45 -1 #SUP: 22
60 -1 #SUP: 24
61 -1 #SUP: 40
61 -1 61 -1 #SUP: 23
115 -1 #SUP: 22
67 -1 #SUP: 21
81 -1 #SUP: 25
85 -1 #SUP: 26
90 -1 #SUP: 25
96 -1 #SUP: 32
108 -1 #SUP: 32
108 -1 2 -1 #SUP: 22
112 -1 #SUP: 30
112 -1 2 -1 #SUP: 25
112 -1 2 -1 2 -1 #SUP: 21
120 -1 #SUP: 22
127 -1 #SUP: 21
139 -1 #SUP: 23
150 -1 #SUP: 24
199 -1 #SUP: 21
260 -1 #SUP: 23
268 -1 #SUP: 25
