51  #SUP: 21
56  #SUP: 21
63  #SUP: 21
88 91  #SUP: 21
129  #SUP: 21
132  #SUP: 21
24  #SUP: 22
33  #SUP: 22
35  #SUP: 22
40 45  #SUP: 23
76  #SUP: 23
88 97  #SUP: 22
97  #SUP: 23
53 102  #SUP: 23
40 174  #SUP: 23
5  #SUP: 24
81  #SUP: 24
53 107  #SUP: 22
107  #SUP: 24
4 16 19  #SUP: 21
4 19  #SUP: 25
77  #SUP: 26
100  #SUP: 26
40 121  #SUP: 25
121  #SUP: 26
4 167  #SUP: 26
88 255  #SUP: 24
255  #SUP: 26
1 4 145 166  #SUP: 21
1 4 145  #SUP: 22
1 4 16  #SUP: 22
1 4 150  #SUP: 21
1 4  #SUP: 27
4 7  #SUP: 27
25  #SUP: 27
72  #SUP: 27
101  #SUP: 27
4 16 17  #SUP: 22
4 17 150  #SUP: 21
4 17  #SUP: 27
17  #SUP: 28
37 39 40  #SUP: 21
37 39  #SUP: 22
39 40  #SUP: 26
39 44  #SUP: 21
39  #SUP: 29
4 11 145  #SUP: 21
11 166  #SUP: 21
4 11 16  #SUP: 21
4 11  #SUP: 27
11  #SUP: 30
28 30  #SUP: 26
30  #SUP: 30
114  #SUP: 30
71 79 120  #SUP: 25
79 120  #SUP: 26
71 120  #SUP: 29
120  #SUP: 30
28 29  #SUP: 27
22 29  #SUP: 21
29  #SUP: 31
4 16 145 166  #SUP: 22
4 145 166  #SUP: 27
4 16 145  #SUP: 24
4 145 150  #SUP: 23
4 145  #SUP: 31
4 165 166  #SUP: 21
4 16 165  #SUP: 25
4 150 165  #SUP: 22
4 165  #SUP: 31
40 42 59  #SUP: 23
40 42 54  #SUP: 25
42 54  #SUP: 26
37 40 42  #SUP: 22
40 42 44  #SUP: 21
40 42  #SUP: 30
42 44  #SUP: 22
42  #SUP: 32
47 50  #SUP: 26
50  #SUP: 32
40 54 59  #SUP: 24
37 40 59  #SUP: 24
40 44 59  #SUP: 21
40 59  #SUP: 32
71 73 135  #SUP: 23
69 71 73  #SUP: 24
66 73  #SUP: 21
71 73 79  #SUP: 22
73 79  #SUP: 24
71 73  #SUP: 29
73  #SUP: 32
69 71 135  #SUP: 25
66 71 135  #SUP: 22
71 79 135  #SUP: 25
71 135  #SUP: 32
4 16 166  #SUP: 25
4 150 166  #SUP: 21
150 166  #SUP: 22
4 166  #SUP: 30
166  #SUP: 32
41 53  #SUP: 31
41  #SUP: 33
47  #SUP: 33
37 40 54  #SUP: 24
40 44 54  #SUP: 21
40 54  #SUP: 32
44 54  #SUP: 22
54  #SUP: 33
68 71  #SUP: 23
68  #SUP: 33
66 69 71  #SUP: 21
69 71 79  #SUP: 23
69 71  #SUP: 30
69  #SUP: 33
3 20  #SUP: 23
3  #SUP: 34
9  #SUP: 34
23 28  #SUP: 28
23  #SUP: 34
88  #SUP: 34
66 137  #SUP: 23
71 79 137  #SUP: 25
79 137  #SUP: 26
71 137  #SUP: 32
137  #SUP: 35
37 40 44  #SUP: 22
37 40  #SUP: 33
37 44  #SUP: 23
37  #SUP: 36
66 86  #SUP: 22
71 79 86  #SUP: 28
79 86  #SUP: 30
71 86  #SUP: 33
86  #SUP: 37
4 16 150  #SUP: 28
2 4 16  #SUP: 21
4 16  #SUP: 39
66 71 79  #SUP: 28
66 79  #SUP: 29
66 71  #SUP: 36
66  #SUP: 39
2 4 150  #SUP: 21
4 150  #SUP: 38
150  #SUP: 40
205  #SUP: 40
124  #SUP: 42
38 53  #SUP: 24
2 53  #SUP: 22
53  #SUP: 43
40 44  #SUP: 28
40  #SUP: 46
26 28  #SUP: 24
28 38  #SUP: 21
22 28  #SUP: 29
20 28  #SUP: 24
2 28  #SUP: 22
28  #SUP: 49
2 26  #SUP: 30
26  #SUP: 53
22 71 79  #SUP: 22
22 79  #SUP: 23
2 71 79  #SUP: 23
71 79  #SUP: 51
2 79  #SUP: 24
79  #SUP: 53
20 38  #SUP: 21
2 38  #SUP: 29
38  #SUP: 55
4 13  #SUP: 26
2 4  #SUP: 28
4  #SUP: 56
22 71  #SUP: 28
2 22  #SUP: 29
22  #SUP: 65
27 43  #SUP: 23
27 44  #SUP: 25
2 27  #SUP: 30
27  #SUP: 67
44 71  #SUP: 26
2 71  #SUP: 29
71  #SUP: 68
43 75  #SUP: 28
44 75  #SUP: 24
2 75  #SUP: 41
75  #SUP: 74
13 44  #SUP: 27
2 13  #SUP: 36
13  #SUP: 79
20 44  #SUP: 34
2 20  #SUP: 34
20  #SUP: 81
43 44  #SUP: 36
2 43  #SUP: 50
43  #SUP: 88
2 44  #SUP: 59
44  #SUP: 130
2  #SUP: 187
